436927517341
430654419006
456158546692
415850873382
429289896323
436970330626
459740053657
416564525666
493595108009
451043907109
410602867147
438850819456
471641825751
498386799586
481430574686
446837667473
489553258949
417461576272
457199698045
421173701878
449951443774
491888663569
491060424606
454358346829
424742797743
423429102554
461116261311
412617416579
444436131908
454977242370
490840684306
402129128323
483010951092
444700941898
448308228519
410599329643
474849330586
419789111084
427551315199
495634945350
491368318154
424845402789
468135027645
405796542340
449634583039
449997173771
415098818322
418654206010
458041814492
404204805906
432212528693
471796888147
447093721447
480437222817
459069692564
480668410038
481530490495
475934714869
454062385176
479873455874
485488089695
487080562710
452717209279
437239369536
455916412793
412832231714
405210473038
464028289026
420117529655
465918622614
482391906420
445930743806
414120157846
440388714733
435654056918
407629558650
411563356742
427896504135
457530075748
460486926948
497368378987
487491073687
408378351109
442535879119
426286532511
477998579666
463196302588
449238789871
448185210838
434297268241
496382265727
497396820742
432141822669
486810131509
426543298422
461515058186
441981091265
441307019594
417563809048
409459747355
409031766930
490068987080
484734828183
467493005314
455020835886
464301636335
485520638882
402094976754
416780911947
450654973573
428522747653
490882666233
427974836046
425816828281
447961426327
420427434168
424008440823
402692768427
463783321077
449672460685
428701607134
472762818231
431696595859
476821254411
460927342928
491342621577
482353612245
422397804699
432275179386
411523412718
484668488774
497074281649
488171899859
401621878359
421324846366
426943192558
486737480587
480953533462
426766185268
406568367309
413781898521
473927504283
468995615128
473695544890
486597045710
422023578407
427230954048
469359757454
402006056396
448664770439
414023095298
409640420476
422474834161
466373479345
447871097580
409545105956
401682479093
424525696557
461530779391
439945194397
487649809226
496256982836
410329465500
498934151215
410582737843
452978154182
417237395927
419698801766
459400439323
420979480495
407339741019
482729266361
477854652255
451162234868
403265072622
499901368461
473198048894
444387217885
459503573918
484628617613
456754280999
402506886342
484676942521
480054317685
447723883432
410668153597
481214348720
475063444636
441736373113
490869812578
424047512715
459300958582
441088861979
451630929460
474307702547
492860898823
496406756397
472474051890
414790831832
487281117538
485178459995
499420621406
411456790107
410295717687
480515036594
433423214517
477179327489
468213862993
464897565577
444945306776
473433129756
499260432138
490913413432
440580069699
455625637202
408561550982
464381786126
461280875070
420245140130
467539913316
430979020411
456205234039
420754586719
473692738399
419234811381
463609722407
484571429823
419507605393
430482117879
428231908774
439108073167
435989132243
426903717546
472440691517
477411786473
466921405579
480446483481
485002493361
412384027159
444491293066
480516664280
426401605660
457738351298
460928375326
465196874727
466127364161
490789330510
439284726825
484929269861
409842225959
465932960839
473706135925
464409255864
404863303101
401457146613
407178850663
418560273971
457389160968
483035455805
435997135330
474472853268
463360204599
457290549532
445645832710
444818806235
436300415308
461253492394
451306437505
470008426557
403628666472
465299053445
427930063629
419116719928
435093276916
446110916806
479656774349
469332404186
420549982318
452048427039
472158646683
450540834183
421820726817
481795753265
486918935728
450016247798
462320948574
428374624370
492910987906
464237031680
407154832917
496450354347
412076786277
440323891899
482513373391
495461352042
444334785062
491285064224
425696386848
406081975584
458375512257
407564715814
425315467108
432971670495
492260374512
426596546884
469172409665
498222948495
497953503301
448731888857
492601172001
458773041709
492298724576
427923872758
460930249195
436309325568
411665376335
499590625017
490167289155
453122128806
453712521628
436345082581
402726566145
494331423664
451883999896
411584373415
453749812504
436792744715
434220107721
451227172670
405547909643
447759552354
422328919710
418801171818
489247128689
417021343889
403248573867
486755470707
493951146894
411329264916
430972345513
484476894680
427870081413
466015245804
425112281619
429048708930
422250676982
486446255757
460910575453
461226191455
462869125748
410310015460
410754205768
401039825890
465682210993
460350885097
429433653638
453699592064
499078984008
418501991881
404737365080
423842474134
458957261714
413389708197
424516681544
473214022347
431791220625
418985649230
458143443731
420333356718
448246219671
442045841544
469021375091
415540551512
465438655970
479024946772
439003709672
430864719768
416369873772
452256557688
409273754202
498560599532
417999126112
454073519794
484749704442
481847560595
492621076872
447146988162
421687078443
410915628404
486231698216
489494205404
437161445563
447175289106
435559234656
497379526051
417129315727
433473790060
440681721622
483223622034
407255322748
424237946528
498358981112
407650382482
410579636645
474076430648
482503766769
456109364097
447500730202
472802285027
416206360011
467063603013
449590317160
405915741455
450525237713
417063055375
429637813799
455283317911
491633873603
468935189297
463034406590
408733023835
464841573670
428384821616
458949431549
415518373412
429180266550
441248361053
465209014410
425657961520
411054336874
472315087090
420978964946
426743191788
440632690988
426210956261
405147169140
438328265689
428615721289
423055943314
431371835731
427350576446
495023172000
455459387450
408864069930
424763914082
475714685036
459849525441
498638437752
488377477651
445929745707
439074186302
460568407125
425290436929
494093652464
447281577461
486863616032
469869435075
400759155583
412432534422
457157384049
462143294783
422787705178
446547167806
433880104035
493949135092
443449441168
446356464077
487271807258
482897445901
423509946110
455563064733
425904830628
458126739292
448720072509
485216980747
480957356769
410697783769
487970420193
481047221150
428605560655
498810650409
444005529263
469733595001
423922354034
484144428856
488364364769
472919411107
450001729171
424084505717
445083534694
442745206617
460045373288
461414711762
434167728554
412484329322
401943911374
420751352469
430985524587
471220828087
418952458540
425501951509
454272573802
487346567367
414345283330
451986041124
436692181872
444932144223
420607595625
443921416309
463357192908
489051084839
481962601318
490894456541
476349411699
447409181699
484656590194
446467162024
419676986122
424318515695
457287698644
417153844944
491069462302
433206583470
402346218249
468118691970
423133337095
405262512432
410089643225
472988785859
426074669894
444783250747
484400297863
499450221980
497383042226
446353855173
430828819294
425992764959
405716939520
447032637559
431564721582
416441601718
417401033921
409440407919
427716406781
459804925340
431997731861
472689602269
424803623601
411694289602
452620027586
429350141403
404000843181
470823606694
414133438548
457424194534
465741137754
419983138380
449305223536
411999593439
437536885863
456142285214
497532708001
450018310247
402775500700
463174771006
473282378465
411810012611
404484691853
482203272450
461581648425
453774590358
405784180105
472503483606
456780956622
454621349245
437106040795
430479246269
454470255779
427838878632
415535044943
438858588462
461731915648
478231398594
435407707735
440392706020
461169745914
455186525854
455322780491
435529615580
422839181738
471402340205
443228119765
420823480959
402389271837
400817168926
404312703936
463120064539
491809286482
406951021423
473670031926
413738423507
481512587976
488619598808
451606401879
485566591810
476945605450
423028277123
420109980899
446879271523
441632395401
422203081878
453421822329
486670506336
457383160006
491843849418
493494992980
432328425932
462457050169
498127832211
483581984135
462306817909
404521107380
482823321408
468711550062
481045098077
452297215101
444381090062
494073863637
453964759109
486760177768
498375861845
441277732663
430523391504
476559768629
460645065330
433581891295
454545270192
434252465049
490345646982
476335420076
458749497079
434391195473
498929685844
441711241235
460511927234
469385640417
402316925867
469697695411
493598029975
480209916473
417974937224
499810240383
496810245963
495888973519
466604808993
413161715235
495356859799
477630135041
443926030910
441795355870
450414106305
461570720224
453737218340
440204262993
403056884850
436061645276
467178298693
492080446477
427255862791
458087350165
492784226104
422985278723
405972111015
423180045128
408586435424
461960896926
489352414032
405418654956
451296996357
466074474302
412615553751
409827201694
476259118135
441748371319
415087244077
459927943563
445463591767
442295014339
477113382164
413042275975
487569604234
496953658449
487655547009
465492885607
469433448213
457484988466
497066294288
486645293618
409435222611
471275681526
478400501388
405443895849
458860289832
486240635137
471549915564
441675627139
418884974288
426394817681
425001847988
411329630817
466878955498
433236077062
449284814909
462797784356